113, 38, 170, 190, 177, 246, 186, 111, 251, 79, 121, 2, 185, 91, 112, 90, 219, 
132, 204, 95, 69, 205, 237, 54, 172, 81, 138, 143, 33, 18, 224, 43, 117, 244, 86, 217, 24, 247, 10, 83,
124, 230, 233, 200, 136, 151, 122, 46, 181, 85, 131, 127, 14, 70, 163, 254, 213, 249, 193, 30, 120, 13, 
128, 212, 137, 32, 65, 201, 116, 40, 144, 159, 28, 142, 240, 73, 75, 236, 102, 68, 45, 4, 64, 103, 179, 
108, 92, 243, 169, 55, 182, 98, 106, 82, 168, 234, 6, 44, 20, 0, 80, 175, 52, 135, 61, 62, 199, 198, 145,
166, 150, 133, 100, 51, 97, 214, 192, 148, 84, 149, 180, 58, 250, 223, 25, 130, 114, 63, 94, 160, 229, 245,
16, 49, 253, 50, 207, 152, 5, 206, 48, 203, 53, 140, 35, 57, 42, 1, 71, 27, 154, 156, 216, 157, 239, 232, 
56, 218, 15, 118, 184, 29, 76, 26, 99, 12, 89, 155, 109, 36, 255, 176, 252, 72, 248, 221, 8, 197, 134, 183, 
226, 195, 141, 66, 125, 104, 209, 88, 235, 194, 119, 96, 105, 202, 227, 164, 208, 7, 189, 123, 196, 241, 74,
210, 174, 3, 37, 173, 187, 21, 220, 77, 87, 78, 161, 191, 129, 31, 19, 147, 22, 93, 165, 211, 126, 23, 146, 110, 
167, 171, 139, 242, 153, 158, 34, 59, 222, 67, 231, 115, 9, 39, 60, 101, 215, 47, 11, 178, 225, 228, 162, 17, 188, 238, 107, 41,